 [10, -10],[20, -20],[30, -30],[40, -40],[50, -50] [10, -10],[30, 10],[40, 10],[50, 10],[60, 10]
 [11, -9],[21, -19],[31, -29],[41, -39],[51, -49] [11, -9],[31, 12],[41, 12],[51, 12],[61, 12]
 [12, -8],[22, -18],[32, -28],[42, -38],[52, -48] [12, -8],[32, 14],[42, 14],[52, 14],[62, 14]
 [13, -7],[23, -17],[33, -27],[43, -37],[53, -47] [13, -7],[33, 16],[43, 16],[53, 16],[63, 16]
 [14, -6],[24, -16],[34, -26],[44, -36],[54, -46] [14, -6],[34, 18],[44, 18],[54, 18],[64, 18]
 [15, -5],[25, -15],[35, -25],[45, -35],[55, -45] [15, -5],[35, 20],[45, 20],[55, 20],[65, 20]
 [16, -4],[26, -14],[36, -24],[46, -34],[56, -44] [16, -4],[36, 22],[46, 22],[56, 22],[66, 22]
 [17, -3],[27, -13],[37, -23],[47, -33],[57, -43] [17, -3],[37, 24],[47, 24],[57, 24],[67, 24]
 [18, -2],[28, -12],[38, -22],[48, -32],[58, -42] [18, -2],[38, 26],[48, 26],[58, 26],[68, 26]
 [19, -1],[29, -11],[39, -21],[49, -31],[59, -41] [19, -1],[39, 28],[49, 28],[59, 28],[69, 28]
 [20, 0],[30, -10],[40, -20],[50, -30],[60, -40] [20, 0],[40, 30],[50, 30],[60, 30],[70, 30]
 [21, 1],[31, -9],[41, -19],[51, -29],[61, -39] [21, 1],[41, 32],[51, 32],[61, 32],[71, 32]
 [22, 2],[32, -8],[42, -18],[52, -28],[62, -38] [22, 2],[42, 34],[52, 34],[62, 34],[72, 34]
 [23, 3],[33, -7],[43, -17],[53, -27],[63, -37] [23, 3],[43, 36],[53, 36],[63, 36],[73, 36]
 [24, 4],[34, -6],[44, -16],[54, -26],[64, -36] [24, 4],[44, 38],[54, 38],[64, 38],[74, 38]
 [25, 5],[35, -5],[45, -15],[55, -25],[65, -35] [25, 5],[45, 40],[55, 40],[65, 40],[75, 40]
 [26, 6],[36, -4],[46, -14],[56, -24],[66, -34] [26, 6],[46, 42],[56, 42],[66, 42],[76, 42]
 [27, 7],[37, -3],[47, -13],[57, -23],[67, -33] [27, 7],[47, 44],[57, 44],[67, 44],[77, 44]
 [28, 8],[38, -2],[48, -12],[58, -22],[68, -32] [28, 8],[48, 46],[58, 46],[68, 46],[78, 46]
 [29, 9],[39, -1],[49, -11],[59, -21],[69, -31] [29, 9],[49, 48],[59, 48],[69, 48],[79, 48]
 [30, 10],[40, 0],[50, -10],[60, -20],[70, -30] [30, 10],[50, 50],[60, 50],[70, 50],[80, 50]
 [31, 11],[41, 1],[51, -9],[61, -19],[71, -29] [31, 11],[51, 52],[61, 52],[71, 52],[81, 52]
 [32, 12],[42, 2],[52, -8],[62, -18],[72, -28] [32, 12],[52, 54],[62, 54],[72, 54],[82, 54]
 [33, 13],[43, 3],[53, -7],[63, -17],[73, -27] [33, 13],[53, 56],[63, 56],[73, 56],[83, 56]
 [34, 14],[44, 4],[54, -6],[64, -16],[74, -26] [34, 14],[54, 58],[64, 58],[74, 58],[84, 58]
 [35, 15],[45, 5],[55, -5],[65, -15],[75, -25] [35, 15],[55, 60],[65, 60],[75, 60],[85, 60]
 [36, 16],[46, 6],[56, -4],[66, -14],[76, -24] [36, 16],[56, 62],[66, 62],[76, 62],[86, 62]
 [37, 17],[47, 7],[57, -3],[67, -13],[77, -23] [37, 17],[57, 64],[67, 64],[77, 64],[87, 64]
 [38, 18],[48, 8],[58, -2],[68, -12],[78, -22] [38, 18],[58, 66],[68, 66],[78, 66],[88, 66]
 [39, 19],[49, 9],[59, -1],[69, -11],[79, -21] [39, 19],[59, 68],[69, 68],[79, 68],[89, 68]
 [40, 20],[50, 10],[60, 0],[70, -10],[80, -20] [40, 20],[60, 70],[70, 70],[80, 70],[90, 70]
 [41, 21],[51, 11],[61, 1],[71, -9],[81, -19] [41, 21],[61, 72],[71, 72],[81, 72],[91, 72]
 [42, 22],[52, 12],[62, 2],[72, -8],[82, -18] [42, 22],[62, 74],[72, 74],[82, 74],[92, 74]
 [43, 23],[53, 13],[63, 3],[73, -7],[83, -17] [43, 23],[63, 76],[73, 76],[83, 76],[93, 76]
 [44, 24],[54, 14],[64, 4],[74, -6],[84, -16] [44, 24],[64, 78],[74, 78],[84, 78],[94, 78]
 [45, 25],[55, 15],[65, 5],[75, -5],[85, -15] [45, 25],[65, 80],[75, 80],[85, 80],[95, 80]
 [46, 26],[56, 16],[66, 6],[76, -4],[86, -14] [46, 26],[66, 82],[76, 82],[86, 82],[96, 82]
 [47, 27],[57, 17],[67, 7],[77, -3],[87, -13] [47, 27],[67, 84],[77, 84],[87, 84],[97, 84]
 [48, 28],[58, 18],[68, 8],[78, -2],[88, -12] [48, 28],[68, 86],[78, 86],[88, 86],[98, 86]
 [49, 29],[59, 19],[69, 9],[79, -1],[89, -11] [49, 29],[69, 88],[79, 88],[89, 88],[99, 88]
 [50, 30],[60, 20],[70, 10],[80, 0],[90, -10] [50, 30],[70, 90],[80, 90],[90, 90],[100, 90]
 [51, 31],[61, 21],[71, 11],[81, 1],[91, -9] [51, 31],[71, 92],[81, 92],[91, 92],[101, 92]
 [52, 32],[62, 22],[72, 12],[82, 2],[92, -8] [52, 32],[72, 94],[82, 94],[92, 94],[102, 94]
 [53, 33],[63, 23],[73, 13],[83, 3],[93, -7] [53, 33],[73, 96],[83, 96],[93, 96],[103, 96]
 [54, 34],[64, 24],[74, 14],[84, 4],[94, -6] [54, 34],[74, 98],[84, 98],[94, 98],[104, 98]
 [55, 35],[65, 25],[75, 15],[85, 5],[95, -5] [55, 35],[75, 100],[85, 100],[95, 100],[105, 100]
 [56, 36],[66, 26],[76, 16],[86, 6],[96, -4] [56, 36],[76, 102],[86, 102],[96, 102],[106, 102]
 [57, 37],[67, 27],[77, 17],[87, 7],[97, -3] [57, 37],[77, 104],[87, 104],[97, 104],[107, 104]
 [58, 38],[68, 28],[78, 18],[88, 8],[98, -2] [58, 38],[78, 106],[88, 106],[98, 106],[108, 106]
 [59, 39],[69, 29],[79, 19],[89, 9],[99, -1] [59, 39],[79, 108],[89, 108],[99, 108],[109, 108]
 [60, 40],[70, 30],[80, 20],[90, 10],[100, 0] [60, 40],[80, 110],[90, 110],[100, 110],[110, 110]
 [61, 41],[71, 31],[81, 21],[91, 11],[101, 1] [61, 41],[81, 112],[91, 112],[101, 112],[111, 112]
 [62, 42],[72, 32],[82, 22],[92, 12],[102, 2] [62, 42],[82, 114],[92, 114],[102, 114],[112, 114]
 [63, 43],[73, 33],[83, 23],[93, 13],[103, 3] [63, 43],[83, 116],[93, 116],[103, 116],[113, 116]
 [64, 44],[74, 34],[84, 24],[94, 14],[104, 4] [64, 44],[84, 118],[94, 118],[104, 118],[114, 118]
 [65, 45],[75, 35],[85, 25],[95, 15],[105, 5] [65, 45],[85, 120],[95, 120],[105, 120],[115, 120]
 [66, 46],[76, 36],[86, 26],[96, 16],[106, 6] [66, 46],[86, 122],[96, 122],[106, 122],[116, 122]
 [67, 47],[77, 37],[87, 27],[97, 17],[107, 7] [67, 47],[87, 124],[97, 124],[107, 124],[117, 124]
 [68, 48],[78, 38],[88, 28],[98, 18],[108, 8] [68, 48],[88, 126],[98, 126],[108, 126],[118, 126]
 [69, 49],[79, 39],[89, 29],[99, 19],[109, 9] [69, 49],[89, 128],[99, 128],[109, 128],[119, 128]
 [70, 50],[80, 40],[90, 30],[100, 20],[110, 10] [70, 50],[90, 130],[100, 130],[110, 130],[120, 130]
 [71, 51],[81, 41],[91, 31],[101, 21],[111, 11] [71, 51],[91, 132],[101, 132],[111, 132],[121, 132]
 [72, 52],[82, 42],[92, 32],[102, 22],[112, 12] [72, 52],[92, 134],[102, 134],[112, 134],[122, 134]
 [73, 53],[83, 43],[93, 33],[103, 23],[113, 13] [73, 53],[93, 136],[103, 136],[113, 136],[123, 136]
 [74, 54],[84, 44],[94, 34],[104, 24],[114, 14] [74, 54],[94, 138],[104, 138],[114, 138],[124, 138]
 [75, 55],[85, 45],[95, 35],[105, 25],[115, 15] [75, 55],[95, 140],[105, 140],[115, 140],[125, 140]
 [76, 56],[86, 46],[96, 36],[106, 26],[116, 16] [76, 56],[96, 142],[106, 142],[116, 142],[126, 142]
 [77, 57],[87, 47],[97, 37],[107, 27],[117, 17] [77, 57],[97, 144],[107, 144],[117, 144],[127, 144]
 [78, 58],[88, 48],[98, 38],[108, 28],[118, 18] [78, 58],[98, 146],[108, 146],[118, 146],[128, 146]
 [79, 59],[89, 49],[99, 39],[109, 29],[119, 19] [79, 59],[99, 148],[109, 148],[119, 148],[129, 148]
 [80, 60],[90, 50],[100, 40],[110, 30],[120, 20] [80, 60],[100, 150],[110, 150],[120, 150],[130, 150]
 [81, 61],[91, 51],[101, 41],[111, 31],[121, 21] [81, 61],[101, 152],[111, 152],[121, 152],[131, 152]
 [82, 62],[92, 52],[102, 42],[112, 32],[122, 22] [82, 62],[102, 154],[112, 154],[122, 154],[132, 154]
 [83, 63],[93, 53],[103, 43],[113, 33],[123, 23] [83, 63],[103, 156],[113, 156],[123, 156],[133, 156]
 [84, 64],[94, 54],[104, 44],[114, 34],[124, 24] [84, 64],[104, 158],[114, 158],[124, 158],[134, 158]
 [85, 65],[95, 55],[105, 45],[115, 35],[125, 25] [85, 65],[105, 160],[115, 160],[125, 160],[135, 160]
 [86, 66],[96, 56],[106, 46],[116, 36],[126, 26] [86, 66],[106, 162],[116, 162],[126, 162],[136, 162]
 [87, 67],[97, 57],[107, 47],[117, 37],[127, 27] [87, 67],[107, 164],[117, 164],[127, 164],[137, 164]
 [88, 68],[98, 58],[108, 48],[118, 38],[128, 28] [88, 68],[108, 166],[118, 166],[128, 166],[138, 166]
 [89, 69],[99, 59],[109, 49],[119, 39],[129, 29] [89, 69],[109, 168],[119, 168],[129, 168],[139, 168]
 [90, 70],[100, 60],[110, 50],[120, 40],[130, 30] [90, 70],[110, 170],[120, 170],[130, 170],[140, 170]
 [91, 71],[101, 61],[111, 51],[121, 41],[131, 31] [91, 71],[111, 172],[121, 172],[131, 172],[141, 172]
 [92, 72],[102, 62],[112, 52],[122, 42],[132, 32] [92, 72],[112, 174],[122, 174],[132, 174],[142, 174]
 [93, 73],[103, 63],[113, 53],[123, 43],[133, 33] [93, 73],[113, 176],[123, 176],[133, 176],[143, 176]
 [94, 74],[104, 64],[114, 54],[124, 44],[134, 34] [94, 74],[114, 178],[124, 178],[134, 178],[144, 178]
 [95, 75],[105, 65],[115, 55],[125, 45],[135, 35] [95, 75],[115, 180],[125, 180],[135, 180],[145, 180]
 [96, 76],[106, 66],[116, 56],[126, 46],[136, 36] [96, 76],[116, 182],[126, 182],[136, 182],[146, 182]
 [97, 77],[107, 67],[117, 57],[127, 47],[137, 37] [97, 77],[117, 184],[127, 184],[137, 184],[147, 184]
 [98, 78],[108, 68],[118, 58],[128, 48],[138, 38] [98, 78],[118, 186],[128, 186],[138, 186],[148, 186]
 [99, 79],[109, 69],[119, 59],[129, 49],[139, 39] [99, 79],[119, 188],[129, 188],[139, 188],[149, 188]
 [100, 80],[110, 70],[120, 60],[130, 50],[140, 40] [100, 80],[120, 190],[130, 190],[140, 190],[150, 190]
 [101, 81],[111, 71],[121, 61],[131, 51],[141, 41] [101, 81],[121, 192],[131, 192],[141, 192],[151, 192]
 [102, 82],[112, 72],[122, 62],[132, 52],[142, 42] [102, 82],[122, 194],[132, 194],[142, 194],[152, 194]
 [103, 83],[113, 73],[123, 63],[133, 53],[143, 43] [103, 83],[123, 196],[133, 196],[143, 196],[153, 196]
 [104, 84],[114, 74],[124, 64],[134, 54],[144, 44] [104, 84],[124, 198],[134, 198],[144, 198],[154, 198]
 [105, 85],[115, 75],[125, 65],[135, 55],[145, 45] [105, 85],[125, 200],[135, 200],[145, 200],[155, 200]
 [106, 86],[116, 76],[126, 66],[136, 56],[146, 46] [106, 86],[126, 202],[136, 202],[146, 202],[156, 202]
 [107, 87],[117, 77],[127, 67],[137, 57],[147, 47] [107, 87],[127, 204],[137, 204],[147, 204],[157, 204]
 [108, 88],[118, 78],[128, 68],[138, 58],[148, 48] [108, 88],[128, 206],[138, 206],[148, 206],[158, 206]
 [109, 89],[119, 79],[129, 69],[139, 59],[149, 49] [109, 89],[129, 208],[139, 208],[149, 208],[159, 208]
 [110, 90],[120, 80],[130, 70],[140, 60],[150, 50] [110, 90],[130, 210],[140, 210],[150, 210],[160, 210]
 [111, 91],[121, 81],[131, 71],[141, 61],[151, 51] [111, 91],[131, 212],[141, 212],[151, 212],[161, 212]
 [112, 92],[122, 82],[132, 72],[142, 62],[152, 52] [112, 92],[132, 214],[142, 214],[152, 214],[162, 214]
 [113, 93],[123, 83],[133, 73],[143, 63],[153, 53] [113, 93],[133, 216],[143, 216],[153, 216],[163, 216]
 [114, 94],[124, 84],[134, 74],[144, 64],[154, 54] [114, 94],[134, 218],[144, 218],[154, 218],[164, 218]
 [115, 95],[125, 85],[135, 75],[145, 65],[155, 55] [115, 95],[135, 220],[145, 220],[155, 220],[165, 220]
 [116, 96],[126, 86],[136, 76],[146, 66],[156, 56] [116, 96],[136, 222],[146, 222],[156, 222],[166, 222]
 [117, 97],[127, 87],[137, 77],[147, 67],[157, 57] [117, 97],[137, 224],[147, 224],[157, 224],[167, 224]
 [118, 98],[128, 88],[138, 78],[148, 68],[158, 58] [118, 98],[138, 226],[148, 226],[158, 226],[168, 226]
 [119, 99],[129, 89],[139, 79],[149, 69],[159, 59] [119, 99],[139, 228],[149, 228],[159, 228],[169, 228]
 [120, 100],[130, 90],[140, 80],[150, 70],[160, 60] [120, 100],[140, 230],[150, 230],[160, 230],[170, 230]
 [121, 101],[131, 91],[141, 81],[151, 71],[161, 61] [121, 101],[141, 232],[151, 232],[161, 232],[171, 232]
 [122, 102],[132, 92],[142, 82],[152, 72],[162, 62] [122, 102],[142, 234],[152, 234],[162, 234],[172, 234]
 [123, 103],[133, 93],[143, 83],[153, 73],[163, 63] [123, 103],[143, 236],[153, 236],[163, 236],[173, 236]
 [124, 104],[134, 94],[144, 84],[154, 74],[164, 64] [124, 104],[144, 238],[154, 238],[164, 238],[174, 238]
 [125, 105],[135, 95],[145, 85],[155, 75],[165, 65] [125, 105],[145, 240],[155, 240],[165, 240],[175, 240]
 [126, 106],[136, 96],[146, 86],[156, 76],[166, 66] [126, 106],[146, 242],[156, 242],[166, 242],[176, 242]
 [127, 107],[137, 97],[147, 87],[157, 77],[167, 67] [127, 107],[147, 244],[157, 244],[167, 244],[177, 244]
 [128, 108],[138, 98],[148, 88],[158, 78],[168, 68] [128, 108],[148, 246],[158, 246],[168, 246],[178, 246]
 [129, 109],[139, 99],[149, 89],[159, 79],[169, 69] [129, 109],[149, 248],[159, 248],[169, 248],[179, 248]
 [130, 110],[140, 100],[150, 90],[160, 80],[170, 70] [130, 110],[150, 250],[160, 250],[170, 250],[180, 250]
 [131, 111],[141, 101],[151, 91],[161, 81],[171, 71] [131, 111],[151, 252],[161, 252],[171, 252],[181, 252]
 [132, 112],[142, 102],[152, 92],[162, 82],[172, 72] [132, 112],[152, 254],[162, 254],[172, 254],[182, 254]
 [133, 113],[143, 103],[153, 93],[163, 83],[173, 73] [133, 113],[153, 256],[163, 256],[173, 256],[183, 256]
 [134, 114],[144, 104],[154, 94],[164, 84],[174, 74] [134, 114],[154, 258],[164, 258],[174, 258],[184, 258]
 [135, 115],[145, 105],[155, 95],[165, 85],[175, 75] [135, 115],[155, 260],[165, 260],[175, 260],[185, 260]
 [136, 116],[146, 106],[156, 96],[166, 86],[176, 76] [136, 116],[156, 262],[166, 262],[176, 262],[186, 262]
 [137, 117],[147, 107],[157, 97],[167, 87],[177, 77] [137, 117],[157, 264],[167, 264],[177, 264],[187, 264]
 [138, 118],[148, 108],[158, 98],[168, 88],[178, 78] [138, 118],[158, 266],[168, 266],[178, 266],[188, 266]
 [139, 119],[149, 109],[159, 99],[169, 89],[179, 79] [139, 119],[159, 268],[169, 268],[179, 268],[189, 268]
 [140, 120],[150, 110],[160, 100],[170, 90],[180, 80] [140, 120],[160, 270],[170, 270],[180, 270],[190, 270]
 [141, 121],[151, 111],[161, 101],[171, 91],[181, 81] [141, 121],[161, 272],[171, 272],[181, 272],[191, 272]
 [142, 122],[152, 112],[162, 102],[172, 92],[182, 82] [142, 122],[162, 274],[172, 274],[182, 274],[192, 274]
 [143, 123],[153, 113],[163, 103],[173, 93],[183, 83] [143, 123],[163, 276],[173, 276],[183, 276],[193, 276]
 [144, 124],[154, 114],[164, 104],[174, 94],[184, 84] [144, 124],[164, 278],[174, 278],[184, 278],[194, 278]
 [145, 125],[155, 115],[165, 105],[175, 95],[185, 85] [145, 125],[165, 280],[175, 280],[185, 280],[195, 280]
 [146, 126],[156, 116],[166, 106],[176, 96],[186, 86] [146, 126],[166, 282],[176, 282],[186, 282],[196, 282]
 [147, 127],[157, 117],[167, 107],[177, 97],[187, 87] [147, 127],[167, 284],[177, 284],[187, 284],[197, 284]
 [148, 128],[158, 118],[168, 108],[178, 98],[188, 88] [148, 128],[168, 286],[178, 286],[188, 286],[198, 286]
 [149, 129],[159, 119],[169, 109],[179, 99],[189, 89] [149, 129],[169, 288],[179, 288],[189, 288],[199, 288]
 [150, 130],[160, 120],[170, 110],[180, 100],[190, 90] [150, 130],[170, 290],[180, 290],[190, 290],[200, 290]
 [151, 131],[161, 121],[171, 111],[181, 101],[191, 91] [151, 131],[171, 292],[181, 292],[191, 292],[201, 292]
 [152, 132],[162, 122],[172, 112],[182, 102],[192, 92] [152, 132],[172, 294],[182, 294],[192, 294],[202, 294]
 [153, 133],[163, 123],[173, 113],[183, 103],[193, 93] [153, 133],[173, 296],[183, 296],[193, 296],[203, 296]
 [154, 134],[164, 124],[174, 114],[184, 104],[194, 94] [154, 134],[174, 298],[184, 298],[194, 298],[204, 298]
 [155, 135],[165, 125],[175, 115],[185, 105],[195, 95] [155, 135],[175, 300],[185, 300],[195, 300],[205, 300]
 [156, 136],[166, 126],[176, 116],[186, 106],[196, 96] [156, 136],[176, 302],[186, 302],[196, 302],[206, 302]
 [157, 137],[167, 127],[177, 117],[187, 107],[197, 97] [157, 137],[177, 304],[187, 304],[197, 304],[207, 304]
 [158, 138],[168, 128],[178, 118],[188, 108],[198, 98] [158, 138],[178, 306],[188, 306],[198, 306],[208, 306]
 [159, 139],[169, 129],[179, 119],[189, 109],[199, 99] [159, 139],[179, 308],[189, 308],[199, 308],[209, 308]
 [160, 140],[170, 130],[180, 120],[190, 110],[200, 100] [160, 140],[180, 310],[190, 310],[200, 310],[210, 310]
 [161, 141],[171, 131],[181, 121],[191, 111],[201, 101] [161, 141],[181, 312],[191, 312],[201, 312],[211, 312]
 [162, 142],[172, 132],[182, 122],[192, 112],[202, 102] [162, 142],[182, 314],[192, 314],[202, 314],[212, 314]
 [163, 143],[173, 133],[183, 123],[193, 113],[203, 103] [163, 143],[183, 316],[193, 316],[203, 316],[213, 316]
 [164, 144],[174, 134],[184, 124],[194, 114],[204, 104] [164, 144],[184, 318],[194, 318],[204, 318],[214, 318]
 [165, 145],[175, 135],[185, 125],[195, 115],[205, 105] [165, 145],[185, 320],[195, 320],[205, 320],[215, 320]
 [166, 146],[176, 136],[186, 126],[196, 116],[206, 106] [166, 146],[186, 322],[196, 322],[206, 322],[216, 322]
 [167, 147],[177, 137],[187, 127],[197, 117],[207, 107] [167, 147],[187, 324],[197, 324],[207, 324],[217, 324]
 [168, 148],[178, 138],[188, 128],[198, 118],[208, 108] [168, 148],[188, 326],[198, 326],[208, 326],[218, 326]
 [169, 149],[179, 139],[189, 129],[199, 119],[209, 109] [169, 149],[189, 328],[199, 328],[209, 328],[219, 328]
 [170, 150],[180, 140],[190, 130],[200, 120],[210, 110] [170, 150],[190, 330],[200, 330],[210, 330],[220, 330]
 [171, 151],[181, 141],[191, 131],[201, 121],[211, 111] [171, 151],[191, 332],[201, 332],[211, 332],[221, 332]
 [172, 152],[182, 142],[192, 132],[202, 122],[212, 112] [172, 152],[192, 334],[202, 334],[212, 334],[222, 334]
 [173, 153],[183, 143],[193, 133],[203, 123],[213, 113] [173, 153],[193, 336],[203, 336],[213, 336],[223, 336]
 [174, 154],[184, 144],[194, 134],[204, 124],[214, 114] [174, 154],[194, 338],[204, 338],[214, 338],[224, 338]
 [175, 155],[185, 145],[195, 135],[205, 125],[215, 115] [175, 155],[195, 340],[205, 340],[215, 340],[225, 340]
 [176, 156],[186, 146],[196, 136],[206, 126],[216, 116] [176, 156],[196, 342],[206, 342],[216, 342],[226, 342]
 [177, 157],[187, 147],[197, 137],[207, 127],[217, 117] [177, 157],[197, 344],[207, 344],[217, 344],[227, 344]
 [178, 158],[188, 148],[198, 138],[208, 128],[218, 118] [178, 158],[198, 346],[208, 346],[218, 346],[228, 346]
 [179, 159],[189, 149],[199, 139],[209, 129],[219, 119] [179, 159],[199, 348],[209, 348],[219, 348],[229, 348]
 [180, 160],[190, 150],[200, 140],[210, 130],[220, 120] [180, 160],[200, 350],[210, 350],[220, 350],[230, 350]
 [181, 161],[191, 151],[201, 141],[211, 131],[221, 121] [181, 161],[201, 352],[211, 352],[221, 352],[231, 352]
 [182, 162],[192, 152],[202, 142],[212, 132],[222, 122] [182, 162],[202, 354],[212, 354],[222, 354],[232, 354]
 [183, 163],[193, 153],[203, 143],[213, 133],[223, 123] [183, 163],[203, 356],[213, 356],[223, 356],[233, 356]
 [184, 164],[194, 154],[204, 144],[214, 134],[224, 124] [184, 164],[204, 358],[214, 358],[224, 358],[234, 358]
 [185, 165],[195, 155],[205, 145],[215, 135],[225, 125] [185, 165],[205, 360],[215, 360],[225, 360],[235, 360]
 [186, 166],[196, 156],[206, 146],[216, 136],[226, 126] [186, 166],[206, 362],[216, 362],[226, 362],[236, 362]
 [187, 167],[197, 157],[207, 147],[217, 137],[227, 127] [187, 167],[207, 364],[217, 364],[227, 364],[237, 364]
 [188, 168],[198, 158],[208, 148],[218, 138],[228, 128] [188, 168],[208, 366],[218, 366],[228, 366],[238, 366]
 [189, 169],[199, 159],[209, 149],[219, 139],[229, 129] [189, 169],[209, 368],[219, 368],[229, 368],[239, 368]
 [190, 170],[200, 160],[210, 150],[220, 140],[230, 130] [190, 170],[210, 370],[220, 370],[230, 370],[240, 370]
 [191, 171],[201, 161],[211, 151],[221, 141],[231, 131] [191, 171],[211, 372],[221, 372],[231, 372],[241, 372]
 [192, 172],[202, 162],[212, 152],[222, 142],[232, 132] [192, 172],[212, 374],[222, 374],[232, 374],[242, 374]
 [193, 173],[203, 163],[213, 153],[223, 143],[233, 133] [193, 173],[213, 376],[223, 376],[233, 376],[243, 376]
 [194, 174],[204, 164],[214, 154],[224, 144],[234, 134] [194, 174],[214, 378],[224, 378],[234, 378],[244, 378]
 [195, 175],[205, 165],[215, 155],[225, 145],[235, 135] [195, 175],[215, 380],[225, 380],[235, 380],[245, 380]
 [196, 176],[206, 166],[216, 156],[226, 146],[236, 136] [196, 176],[216, 382],[226, 382],[236, 382],[246, 382]
 [197, 177],[207, 167],[217, 157],[227, 147],[237, 137] [197, 177],[217, 384],[227, 384],[237, 384],[247, 384]
 [198, 178],[208, 168],[218, 158],[228, 148],[238, 138] [198, 178],[218, 386],[228, 386],[238, 386],[248, 386]
 [199, 179],[209, 169],[219, 159],[229, 149],[239, 139] [199, 179],[219, 388],[229, 388],[239, 388],[249, 388]
 [200, 180],[210, 170],[220, 160],[230, 150],[240, 140] [200, 180],[220, 390],[230, 390],[240, 390],[250, 390]
 [201, 181],[211, 171],[221, 161],[231, 151],[241, 141] [201, 181],[221, 392],[231, 392],[241, 392],[251, 392]
 [202, 182],[212, 172],[222, 162],[232, 152],[242, 142] [202, 182],[222, 394],[232, 394],[242, 394],[252, 394]
 [203, 183],[213, 173],[223, 163],[233, 153],[243, 143] [203, 183],[223, 396],[233, 396],[243, 396],[253, 396]
 [204, 184],[214, 174],[224, 164],[234, 154],[244, 144] [204, 184],[224, 398],[234, 398],[244, 398],[254, 398]
 [205, 185],[215, 175],[225, 165],[235, 155],[245, 145] [205, 185],[225, 400],[235, 400],[245, 400],[255, 400]
 [206, 186],[216, 176],[226, 166],[236, 156],[246, 146] [206, 186],[226, 402],[236, 402],[246, 402],[256, 402]
 [207, 187],[217, 177],[227, 167],[237, 157],[247, 147] [207, 187],[227, 404],[237, 404],[247, 404],[257, 404]
 [208, 188],[218, 178],[228, 168],[238, 158],[248, 148] [208, 188],[228, 406],[238, 406],[248, 406],[258, 406]
 [209, 189],[219, 179],[229, 169],[239, 159],[249, 149] [209, 189],[229, 408],[239, 408],[249, 408],[259, 408]
 [210, 190],[220, 180],[230, 170],[240, 160],[250, 150] [210, 190],[230, 410],[240, 410],[250, 410],[260, 410]
 [211, 191],[221, 181],[231, 171],[241, 161],[251, 151] [211, 191],[231, 412],[241, 412],[251, 412],[261, 412]
 [212, 192],[222, 182],[232, 172],[242, 162],[252, 152] [212, 192],[232, 414],[242, 414],[252, 414],[262, 414]
 [213, 193],[223, 183],[233, 173],[243, 163],[253, 153] [213, 193],[233, 416],[243, 416],[253, 416],[263, 416]
 [214, 194],[224, 184],[234, 174],[244, 164],[254, 154] [214, 194],[234, 418],[244, 418],[254, 418],[264, 418]
 [215, 195],[225, 185],[235, 175],[245, 165],[255, 155] [215, 195],[235, 420],[245, 420],[255, 420],[265, 420]
 [216, 196],[226, 186],[236, 176],[246, 166],[256, 156] [216, 196],[236, 422],[246, 422],[256, 422],[266, 422]
 [217, 197],[227, 187],[237, 177],[247, 167],[257, 157] [217, 197],[237, 424],[247, 424],[257, 424],[267, 424]
 [218, 198],[228, 188],[238, 178],[248, 168],[258, 158] [218, 198],[238, 426],[248, 426],[258, 426],[268, 426]
 [219, 199],[229, 189],[239, 179],[249, 169],[259, 159] [219, 199],[239, 428],[249, 428],[259, 428],[269, 428]
 [220, 200],[230, 190],[240, 180],[250, 170],[260, 160] [220, 200],[240, 430],[250, 430],[260, 430],[270, 430]
 [221, 201],[231, 191],[241, 181],[251, 171],[261, 161] [221, 201],[241, 432],[251, 432],[261, 432],[271, 432]
 [222, 202],[232, 192],[242, 182],[252, 172],[262, 162] [222, 202],[242, 434],[252, 434],[262, 434],[272, 434]
 [223, 203],[233, 193],[243, 183],[253, 173],[263, 163] [223, 203],[243, 436],[253, 436],[263, 436],[273, 436]
 [224, 204],[234, 194],[244, 184],[254, 174],[264, 164] [224, 204],[244, 438],[254, 438],[264, 438],[274, 438]
 [225, 205],[235, 195],[245, 185],[255, 175],[265, 165] [225, 205],[245, 440],[255, 440],[265, 440],[275, 440]
 [226, 206],[236, 196],[246, 186],[256, 176],[266, 166] [226, 206],[246, 442],[256, 442],[266, 442],[276, 442]
 [227, 207],[237, 197],[247, 187],[257, 177],[267, 167] [227, 207],[247, 444],[257, 444],[267, 444],[277, 444]
 [228, 208],[238, 198],[248, 188],[258, 178],[268, 168] [228, 208],[248, 446],[258, 446],[268, 446],[278, 446]
 [229, 209],[239, 199],[249, 189],[259, 179],[269, 169] [229, 209],[249, 448],[259, 448],[269, 448],[279, 448]
 [230, 210],[240, 200],[250, 190],[260, 180],[270, 170] [230, 210],[250, 450],[260, 450],[270, 450],[280, 450]
 [231, 211],[241, 201],[251, 191],[261, 181],[271, 171] [231, 211],[251, 452],[261, 452],[271, 452],[281, 452]
 [232, 212],[242, 202],[252, 192],[262, 182],[272, 172] [232, 212],[252, 454],[262, 454],[272, 454],[282, 454]
 [233, 213],[243, 203],[253, 193],[263, 183],[273, 173] [233, 213],[253, 456],[263, 456],[273, 456],[283, 456]
 [234, 214],[244, 204],[254, 194],[264, 184],[274, 174] [234, 214],[254, 458],[264, 458],[274, 458],[284, 458]
 [235, 215],[245, 205],[255, 195],[265, 185],[275, 175] [235, 215],[255, 460],[265, 460],[275, 460],[285, 460]
 [236, 216],[246, 206],[256, 196],[266, 186],[276, 176] [236, 216],[256, 462],[266, 462],[276, 462],[286, 462]
 [237, 217],[247, 207],[257, 197],[267, 187],[277, 177] [237, 217],[257, 464],[267, 464],[277, 464],[287, 464]
 [238, 218],[248, 208],[258, 198],[268, 188],[278, 178] [238, 218],[258, 466],[268, 466],[278, 466],[288, 466]
 [239, 219],[249, 209],[259, 199],[269, 189],[279, 179] [239, 219],[259, 468],[269, 468],[279, 468],[289, 468]
 [240, 220],[250, 210],[260, 200],[270, 190],[280, 180] [240, 220],[260, 470],[270, 470],[280, 470],[290, 470]
 [241, 221],[251, 211],[261, 201],[271, 191],[281, 181] [241, 221],[261, 472],[271, 472],[281, 472],[291, 472]
 [242, 222],[252, 212],[262, 202],[272, 192],[282, 182] [242, 222],[262, 474],[272, 474],[282, 474],[292, 474]
 [243, 223],[253, 213],[263, 203],[273, 193],[283, 183] [243, 223],[263, 476],[273, 476],[283, 476],[293, 476]
 [244, 224],[254, 214],[264, 204],[274, 194],[284, 184] [244, 224],[264, 478],[274, 478],[284, 478],[294, 478]
 [245, 225],[255, 215],[265, 205],[275, 195],[285, 185] [245, 225],[265, 480],[275, 480],[285, 480],[295, 480]
 [246, 226],[256, 216],[266, 206],[276, 196],[286, 186] [246, 226],[266, 482],[276, 482],[286, 482],[296, 482]
 [247, 227],[257, 217],[267, 207],[277, 197],[287, 187] [247, 227],[267, 484],[277, 484],[287, 484],[297, 484]
 [248, 228],[258, 218],[268, 208],[278, 198],[288, 188] [248, 228],[268, 486],[278, 486],[288, 486],[298, 486]
 [249, 229],[259, 219],[269, 209],[279, 199],[289, 189] [249, 229],[269, 488],[279, 488],[289, 488],[299, 488]
 [250, 230],[260, 220],[270, 210],[280, 200],[290, 190] [250, 230],[270, 490],[280, 490],[290, 490],[300, 490]
 [251, 231],[261, 221],[271, 211],[281, 201],[291, 191] [251, 231],[271, 492],[281, 492],[291, 492],[301, 492]
 [252, 232],[262, 222],[272, 212],[282, 202],[292, 192] [252, 232],[272, 494],[282, 494],[292, 494],[302, 494]
 [253, 233],[263, 223],[273, 213],[283, 203],[293, 193] [253, 233],[273, 496],[283, 496],[293, 496],[303, 496]
 [254, 234],[264, 224],[274, 214],[284, 204],[294, 194] [254, 234],[274, 498],[284, 498],[294, 498],[304, 498]
 [255, 235],[265, 225],[275, 215],[285, 205],[295, 195] [255, 235],[275, 500],[285, 500],[295, 500],[305, 500]
 [256, 236],[266, 226],[276, 216],[286, 206],[296, 196] [256, 236],[276, 502],[286, 502],[296, 502],[306, 502]
 [257, 237],[267, 227],[277, 217],[287, 207],[297, 197] [257, 237],[277, 504],[287, 504],[297, 504],[307, 504]
 [258, 238],[268, 228],[278, 218],[288, 208],[298, 198] [258, 238],[278, 506],[288, 506],[298, 506],[308, 506]
 [259, 239],[269, 229],[279, 219],[289, 209],[299, 199] [259, 239],[279, 508],[289, 508],[299, 508],[309, 508]
 [260, 240],[270, 230],[280, 220],[290, 210],[300, 200] [260, 240],[280, 510],[290, 510],[300, 510],[310, 510]
 [261, 241],[271, 231],[281, 221],[291, 211],[301, 201] [261, 241],[281, 512],[291, 512],[301, 512],[311, 512]
 [262, 242],[272, 232],[282, 222],[292, 212],[302, 202] [262, 242],[282, 514],[292, 514],[302, 514],[312, 514]
 [263, 243],[273, 233],[283, 223],[293, 213],[303, 203] [263, 243],[283, 516],[293, 516],[303, 516],[313, 516]
 [264, 244],[274, 234],[284, 224],[294, 214],[304, 204] [264, 244],[284, 518],[294, 518],[304, 518],[314, 518]
 [265, 245],[275, 235],[285, 225],[295, 215],[305, 205] [265, 245],[285, 520],[295, 520],[305, 520],[315, 520]
 [266, 246],[276, 236],[286, 226],[296, 216],[306, 206] [266, 246],[286, 522],[296, 522],[306, 522],[316, 522]
 [267, 247],[277, 237],[287, 227],[297, 217],[307, 207] [267, 247],[287, 524],[297, 524],[307, 524],[317, 524]
 [268, 248],[278, 238],[288, 228],[298, 218],[308, 208] [268, 248],[288, 526],[298, 526],[308, 526],[318, 526]
 [269, 249],[279, 239],[289, 229],[299, 219],[309, 209] [269, 249],[289, 528],[299, 528],[309, 528],[319, 528]
 [270, 250],[280, 240],[290, 230],[300, 220],[310, 210] [270, 250],[290, 530],[300, 530],[310, 530],[320, 530]
 [271, 251],[281, 241],[291, 231],[301, 221],[311, 211] [271, 251],[291, 532],[301, 532],[311, 532],[321, 532]
 [272, 252],[282, 242],[292, 232],[302, 222],[312, 212] [272, 252],[292, 534],[302, 534],[312, 534],[322, 534]
 [273, 253],[283, 243],[293, 233],[303, 223],[313, 213] [273, 253],[293, 536],[303, 536],[313, 536],[323, 536]
 [274, 254],[284, 244],[294, 234],[304, 224],[314, 214] [274, 254],[294, 538],[304, 538],[314, 538],[324, 538]
 [275, 255],[285, 245],[295, 235],[305, 225],[315, 215] [275, 255],[295, 540],[305, 540],[315, 540],[325, 540]
 [276, 256],[286, 246],[296, 236],[306, 226],[316, 216] [276, 256],[296, 542],[306, 542],[316, 542],[326, 542]
 [277, 257],[287, 247],[297, 237],[307, 227],[317, 217] [277, 257],[297, 544],[307, 544],[317, 544],[327, 544]
 [278, 258],[288, 248],[298, 238],[308, 228],[318, 218] [278, 258],[298, 546],[308, 546],[318, 546],[328, 546]
 [279, 259],[289, 249],[299, 239],[309, 229],[319, 219] [279, 259],[299, 548],[309, 548],[319, 548],[329, 548]
 [280, 260],[290, 250],[300, 240],[310, 230],[320, 220] [280, 260],[300, 550],[310, 550],[320, 550],[330, 550]
 [281, 261],[291, 251],[301, 241],[311, 231],[321, 221] [281, 261],[301, 552],[311, 552],[321, 552],[331, 552]
 [282, 262],[292, 252],[302, 242],[312, 232],[322, 222] [282, 262],[302, 554],[312, 554],[322, 554],[332, 554]
 [283, 263],[293, 253],[303, 243],[313, 233],[323, 223] [283, 263],[303, 556],[313, 556],[323, 556],[333, 556]
 [284, 264],[294, 254],[304, 244],[314, 234],[324, 224] [284, 264],[304, 558],[314, 558],[324, 558],[334, 558]
 [285, 265],[295, 255],[305, 245],[315, 235],[325, 225] [285, 265],[305, 560],[315, 560],[325, 560],[335, 560]
 [286, 266],[296, 256],[306, 246],[316, 236],[326, 226] [286, 266],[306, 562],[316, 562],[326, 562],[336, 562]
 [287, 267],[297, 257],[307, 247],[317, 237],[327, 227] [287, 267],[307, 564],[317, 564],[327, 564],[337, 564]
 [288, 268],[298, 258],[308, 248],[318, 238],[328, 228] [288, 268],[308, 566],[318, 566],[328, 566],[338, 566]
 [289, 269],[299, 259],[309, 249],[319, 239],[329, 229] [289, 269],[309, 568],[319, 568],[329, 568],[339, 568]
 [290, 270],[300, 260],[310, 250],[320, 240],[330, 230] [290, 270],[310, 570],[320, 570],[330, 570],[340, 570]
 [291, 271],[301, 261],[311, 251],[321, 241],[331, 231] [291, 271],[311, 572],[321, 572],[331, 572],[341, 572]
 [292, 272],[302, 262],[312, 252],[322, 242],[332, 232] [292, 272],[312, 574],[322, 574],[332, 574],[342, 574]
 [293, 273],[303, 263],[313, 253],[323, 243],[333, 233] [293, 273],[313, 576],[323, 576],[333, 576],[343, 576]
 [294, 274],[304, 264],[314, 254],[324, 244],[334, 234] [294, 274],[314, 578],[324, 578],[334, 578],[344, 578]
 [295, 275],[305, 265],[315, 255],[325, 245],[335, 235] [295, 275],[315, 580],[325, 580],[335, 580],[345, 580]
 [296, 276],[306, 266],[316, 256],[326, 246],[336, 236] [296, 276],[316, 582],[326, 582],[336, 582],[346, 582]
 [297, 277],[307, 267],[317, 257],[327, 247],[337, 237] [297, 277],[317, 584],[327, 584],[337, 584],[347, 584]
 [298, 278],[308, 268],[318, 258],[328, 248],[338, 238] [298, 278],[318, 586],[328, 586],[338, 586],[348, 586]
 [299, 279],[309, 269],[319, 259],[329, 249],[339, 239] [299, 279],[319, 588],[329, 588],[339, 588],[349, 588]
 [300, 280],[310, 270],[320, 260],[330, 250],[340, 240] [300, 280],[320, 590],[330, 590],[340, 590],[350, 590]
 [301, 281],[311, 271],[321, 261],[331, 251],[341, 241] [301, 281],[321, 592],[331, 592],[341, 592],[351, 592]
 [302, 282],[312, 272],[322, 262],[332, 252],[342, 242] [302, 282],[322, 594],[332, 594],[342, 594],[352, 594]
 [303, 283],[313, 273],[323, 263],[333, 253],[343, 243] [303, 283],[323, 596],[333, 596],[343, 596],[353, 596]
 [304, 284],[314, 274],[324, 264],[334, 254],[344, 244] [304, 284],[324, 598],[334, 598],[344, 598],[354, 598]
 [305, 285],[315, 275],[325, 265],[335, 255],[345, 245] [305, 285],[325, 600],[335, 600],[345, 600],[355, 600]
 [306, 286],[316, 276],[326, 266],[336, 256],[346, 246] [306, 286],[326, 602],[336, 602],[346, 602],[356, 602]
 [307, 287],[317, 277],[327, 267],[337, 257],[347, 247] [307, 287],[327, 604],[337, 604],[347, 604],[357, 604]
 [308, 288],[318, 278],[328, 268],[338, 258],[348, 248] [308, 288],[328, 606],[338, 606],[348, 606],[358, 606]
 [309, 289],[319, 279],[329, 269],[339, 259],[349, 249] [309, 289],[329, 608],[339, 608],[349, 608],[359, 608]
 [310, 290],[320, 280],[330, 270],[340, 260],[350, 250] [310, 290],[330, 610],[340, 610],[350, 610],[360, 610]
 [311, 291],[321, 281],[331, 271],[341, 261],[351, 251] [311, 291],[331, 612],[341, 612],[351, 612],[361, 612]
 [312, 292],[322, 282],[332, 272],[342, 262],[352, 252] [312, 292],[332, 614],[342, 614],[352, 614],[362, 614]
 [313, 293],[323, 283],[333, 273],[343, 263],[353, 253] [313, 293],[333, 616],[343, 616],[353, 616],[363, 616]
 [314, 294],[324, 284],[334, 274],[344, 264],[354, 254] [314, 294],[334, 618],[344, 618],[354, 618],[364, 618]
 [315, 295],[325, 285],[335, 275],[345, 265],[355, 255] [315, 295],[335, 620],[345, 620],[355, 620],[365, 620]
 [316, 296],[326, 286],[336, 276],[346, 266],[356, 256] [316, 296],[336, 622],[346, 622],[356, 622],[366, 622]
 [317, 297],[327, 287],[337, 277],[347, 267],[357, 257] [317, 297],[337, 624],[347, 624],[357, 624],[367, 624]
 [318, 298],[328, 288],[338, 278],[348, 268],[358, 258] [318, 298],[338, 626],[348, 626],[358, 626],[368, 626]
 [319, 299],[329, 289],[339, 279],[349, 269],[359, 259] [319, 299],[339, 628],[349, 628],[359, 628],[369, 628]
 [320, 300],[330, 290],[340, 280],[350, 270],[360, 260] [320, 300],[340, 630],[350, 630],[360, 630],[370, 630]
 [321, 301],[331, 291],[341, 281],[351, 271],[361, 261] [321, 301],[341, 632],[351, 632],[361, 632],[371, 632]
 [322, 302],[332, 292],[342, 282],[352, 272],[362, 262] [322, 302],[342, 634],[352, 634],[362, 634],[372, 634]
 [323, 303],[333, 293],[343, 283],[353, 273],[363, 263] [323, 303],[343, 636],[353, 636],[363, 636],[373, 636]
 [324, 304],[334, 294],[344, 284],[354, 274],[364, 264] [324, 304],[344, 638],[354, 638],[364, 638],[374, 638]
 [325, 305],[335, 295],[345, 285],[355, 275],[365, 265] [325, 305],[345, 640],[355, 640],[365, 640],[375, 640]
 [326, 306],[336, 296],[346, 286],[356, 276],[366, 266] [326, 306],[346, 642],[356, 642],[366, 642],[376, 642]
 [327, 307],[337, 297],[347, 287],[357, 277],[367, 267] [327, 307],[347, 644],[357, 644],[367, 644],[377, 644]
 [328, 308],[338, 298],[348, 288],[358, 278],[368, 268] [328, 308],[348, 646],[358, 646],[368, 646],[378, 646]
 [329, 309],[339, 299],[349, 289],[359, 279],[369, 269] [329, 309],[349, 648],[359, 648],[369, 648],[379, 648]
 [330, 310],[340, 300],[350, 290],[360, 280],[370, 270] [330, 310],[350, 650],[360, 650],[370, 650],[380, 650]
 [331, 311],[341, 301],[351, 291],[361, 281],[371, 271] [331, 311],[351, 652],[361, 652],[371, 652],[381, 652]
 [332, 312],[342, 302],[352, 292],[362, 282],[372, 272] [332, 312],[352, 654],[362, 654],[372, 654],[382, 654]
 [333, 313],[343, 303],[353, 293],[363, 283],[373, 273] [333, 313],[353, 656],[363, 656],[373, 656],[383, 656]
 [334, 314],[344, 304],[354, 294],[364, 284],[374, 274] [334, 314],[354, 658],[364, 658],[374, 658],[384, 658]
 [335, 315],[345, 305],[355, 295],[365, 285],[375, 275] [335, 315],[355, 660],[365, 660],[375, 660],[385, 660]
 [336, 316],[346, 306],[356, 296],[366, 286],[376, 276] [336, 316],[356, 662],[366, 662],[376, 662],[386, 662]
 [337, 317],[347, 307],[357, 297],[367, 287],[377, 277] [337, 317],[357, 664],[367, 664],[377, 664],[387, 664]
 [338, 318],[348, 308],[358, 298],[368, 288],[378, 278] [338, 318],[358, 666],[368, 666],[378, 666],[388, 666]
 [339, 319],[349, 309],[359, 299],[369, 289],[379, 279] [339, 319],[359, 668],[369, 668],[379, 668],[389, 668]
 [340, 320],[350, 310],[360, 300],[370, 290],[380, 280] [340, 320],[360, 670],[370, 670],[380, 670],[390, 670]
 [341, 321],[351, 311],[361, 301],[371, 291],[381, 281] [341, 321],[361, 672],[371, 672],[381, 672],[391, 672]
 [342, 322],[352, 312],[362, 302],[372, 292],[382, 282] [342, 322],[362, 674],[372, 674],[382, 674],[392, 674]
 [343, 323],[353, 313],[363, 303],[373, 293],[383, 283] [343, 323],[363, 676],[373, 676],[383, 676],[393, 676]
 [344, 324],[354, 314],[364, 304],[374, 294],[384, 284] [344, 324],[364, 678],[374, 678],[384, 678],[394, 678]
 [345, 325],[355, 315],[365, 305],[375, 295],[385, 285] [345, 325],[365, 680],[375, 680],[385, 680],[395, 680]
 [346, 326],[356, 316],[366, 306],[376, 296],[386, 286] [346, 326],[366, 682],[376, 682],[386, 682],[396, 682]
 [347, 327],[357, 317],[367, 307],[377, 297],[387, 287] [347, 327],[367, 684],[377, 684],[387, 684],[397, 684]
 [348, 328],[358, 318],[368, 308],[378, 298],[388, 288] [348, 328],[368, 686],[378, 686],[388, 686],[398, 686]
 [349, 329],[359, 319],[369, 309],[379, 299],[389, 289] [349, 329],[369, 688],[379, 688],[389, 688],[399, 688]
 [350, 330],[360, 320],[370, 310],[380, 300],[390, 290] [350, 330],[370, 690],[380, 690],[390, 690],[400, 690]
 [351, 331],[361, 321],[371, 311],[381, 301],[391, 291] [351, 331],[371, 692],[381, 692],[391, 692],[401, 692]
 [352, 332],[362, 322],[372, 312],[382, 302],[392, 292] [352, 332],[372, 694],[382, 694],[392, 694],[402, 694]
 [353, 333],[363, 323],[373, 313],[383, 303],[393, 293] [353, 333],[373, 696],[383, 696],[393, 696],[403, 696]
 [354, 334],[364, 324],[374, 314],[384, 304],[394, 294] [354, 334],[374, 698],[384, 698],[394, 698],[404, 698]
 [355, 335],[365, 325],[375, 315],[385, 305],[395, 295] [355, 335],[375, 700],[385, 700],[395, 700],[405, 700]
 [356, 336],[366, 326],[376, 316],[386, 306],[396, 296] [356, 336],[376, 702],[386, 702],[396, 702],[406, 702]
 [357, 337],[367, 327],[377, 317],[387, 307],[397, 297] [357, 337],[377, 704],[387, 704],[397, 704],[407, 704]
 [358, 338],[368, 328],[378, 318],[388, 308],[398, 298] [358, 338],[378, 706],[388, 706],[398, 706],[408, 706]
 [359, 339],[369, 329],[379, 319],[389, 309],[399, 299] [359, 339],[379, 708],[389, 708],[399, 708],[409, 708]
 [360, 340],[370, 330],[380, 320],[390, 310],[400, 300] [360, 340],[380, 710],[390, 710],[400, 710],[410, 710]
 [361, 341],[371, 331],[381, 321],[391, 311],[401, 301] [361, 341],[381, 712],[391, 712],[401, 712],[411, 712]
 [362, 342],[372, 332],[382, 322],[392, 312],[402, 302] [362, 342],[382, 714],[392, 714],[402, 714],[412, 714]
 [363, 343],[373, 333],[383, 323],[393, 313],[403, 303] [363, 343],[383, 716],[393, 716],[403, 716],[413, 716]
 [364, 344],[374, 334],[384, 324],[394, 314],[404, 304] [364, 344],[384, 718],[394, 718],[404, 718],[414, 718]
 [365, 345],[375, 335],[385, 325],[395, 315],[405, 305] [365, 345],[385, 720],[395, 720],[405, 720],[415, 720]
 [366, 346],[376, 336],[386, 326],[396, 316],[406, 306] [366, 346],[386, 722],[396, 722],[406, 722],[416, 722]
 [367, 347],[377, 337],[387, 327],[397, 317],[407, 307] [367, 347],[387, 724],[397, 724],[407, 724],[417, 724]
 [368, 348],[378, 338],[388, 328],[398, 318],[408, 308] [368, 348],[388, 726],[398, 726],[408, 726],[418, 726]
 [369, 349],[379, 339],[389, 329],[399, 319],[409, 309] [369, 349],[389, 728],[399, 728],[409, 728],[419, 728]
 [370, 350],[380, 340],[390, 330],[400, 320],[410, 310] [370, 350],[390, 730],[400, 730],[410, 730],[420, 730]
 [371, 351],[381, 341],[391, 331],[401, 321],[411, 311] [371, 351],[391, 732],[401, 732],[411, 732],[421, 732]
 [372, 352],[382, 342],[392, 332],[402, 322],[412, 312] [372, 352],[392, 734],[402, 734],[412, 734],[422, 734]
 [373, 353],[383, 343],[393, 333],[403, 323],[413, 313] [373, 353],[393, 736],[403, 736],[413, 736],[423, 736]
 [374, 354],[384, 344],[394, 334],[404, 324],[414, 314] [374, 354],[394, 738],[404, 738],[414, 738],[424, 738]
 [375, 355],[385, 345],[395, 335],[405, 325],[415, 315] [375, 355],[395, 740],[405, 740],[415, 740],[425, 740]
 [376, 356],[386, 346],[396, 336],[406, 326],[416, 316] [376, 356],[396, 742],[406, 742],[416, 742],[426, 742]
 [377, 357],[387, 347],[397, 337],[407, 327],[417, 317] [377, 357],[397, 744],[407, 744],[417, 744],[427, 744]
 [378, 358],[388, 348],[398, 338],[408, 328],[418, 318] [378, 358],[398, 746],[408, 746],[418, 746],[428, 746]
 [379, 359],[389, 349],[399, 339],[409, 329],[419, 319] [379, 359],[399, 748],[409, 748],[419, 748],[429, 748]
 [380, 360],[390, 350],[400, 340],[410, 330],[420, 320] [380, 360],[400, 750],[410, 750],[420, 750],[430, 750]
 [381, 361],[391, 351],[401, 341],[411, 331],[421, 321] [381, 361],[401, 752],[411, 752],[421, 752],[431, 752]
 [382, 362],[392, 352],[402, 342],[412, 332],[422, 322] [382, 362],[402, 754],[412, 754],[422, 754],[432, 754]
 [383, 363],[393, 353],[403, 343],[413, 333],[423, 323] [383, 363],[403, 756],[413, 756],[423, 756],[433, 756]
 [384, 364],[394, 354],[404, 344],[414, 334],[424, 324] [384, 364],[404, 758],[414, 758],[424, 758],[434, 758]
 [385, 365],[395, 355],[405, 345],[415, 335],[425, 325] [385, 365],[405, 760],[415, 760],[425, 760],[435, 760]
 [386, 366],[396, 356],[406, 346],[416, 336],[426, 326] [386, 366],[406, 762],[416, 762],[426, 762],[436, 762]
 [387, 367],[397, 357],[407, 347],[417, 337],[427, 327] [387, 367],[407, 764],[417, 764],[427, 764],[437, 764]
 [388, 368],[398, 358],[408, 348],[418, 338],[428, 328] [388, 368],[408, 766],[418, 766],[428, 766],[438, 766]
 [389, 369],[399, 359],[409, 349],[419, 339],[429, 329] [389, 369],[409, 768],[419, 768],[429, 768],[439, 768]
 [390, 370],[400, 360],[410, 350],[420, 340],[430, 330] [390, 370],[410, 770],[420, 770],[430, 770],[440, 770]
 [391, 371],[401, 361],[411, 351],[421, 341],[431, 331] [391, 371],[411, 772],[421, 772],[431, 772],[441, 772]
 [392, 372],[402, 362],[412, 352],[422, 342],[432, 332] [392, 372],[412, 774],[422, 774],[432, 774],[442, 774]
 [393, 373],[403, 363],[413, 353],[423, 343],[433, 333] [393, 373],[413, 776],[423, 776],[433, 776],[443, 776]
 [394, 374],[404, 364],[414, 354],[424, 344],[434, 334] [394, 374],[414, 778],[424, 778],[434, 778],[444, 778]
 [395, 375],[405, 365],[415, 355],[425, 345],[435, 335] [395, 375],[415, 780],[425, 780],[435, 780],[445, 780]
 [396, 376],[406, 366],[416, 356],[426, 346],[436, 336] [396, 376],[416, 782],[426, 782],[436, 782],[446, 782]
 [397, 377],[407, 367],[417, 357],[427, 347],[437, 337] [397, 377],[417, 784],[427, 784],[437, 784],[447, 784]
 [398, 378],[408, 368],[418, 358],[428, 348],[438, 338] [398, 378],[418, 786],[428, 786],[438, 786],[448, 786]
 [399, 379],[409, 369],[419, 359],[429, 349],[439, 339] [399, 379],[419, 788],[429, 788],[439, 788],[449, 788]
 [400, 380],[410, 370],[420, 360],[430, 350],[440, 340] [400, 380],[420, 790],[430, 790],[440, 790],[450, 790]
 [401, 381],[411, 371],[421, 361],[431, 351],[441, 341] [401, 381],[421, 792],[431, 792],[441, 792],[451, 792]
 [402, 382],[412, 372],[422, 362],[432, 352],[442, 342] [402, 382],[422, 794],[432, 794],[442, 794],[452, 794]
 [403, 383],[413, 373],[423, 363],[433, 353],[443, 343] [403, 383],[423, 796],[433, 796],[443, 796],[453, 796]
 [404, 384],[414, 374],[424, 364],[434, 354],[444, 344] [404, 384],[424, 798],[434, 798],[444, 798],[454, 798]
 [405, 385],[415, 375],[425, 365],[435, 355],[445, 345] [405, 385],[425, 800],[435, 800],[445, 800],[455, 800]
 [406, 386],[416, 376],[426, 366],[436, 356],[446, 346] [406, 386],[426, 802],[436, 802],[446, 802],[456, 802]
 [407, 387],[417, 377],[427, 367],[437, 357],[447, 347] [407, 387],[427, 804],[437, 804],[447, 804],[457, 804]
 [408, 388],[418, 378],[428, 368],[438, 358],[448, 348] [408, 388],[428, 806],[438, 806],[448, 806],[458, 806]
 [409, 389],[419, 379],[429, 369],[439, 359],[449, 349] [409, 389],[429, 808],[439, 808],[449, 808],[459, 808]
 [410, 390],[420, 380],[430, 370],[440, 360],[450, 350] [410, 390],[430, 810],[440, 810],[450, 810],[460, 810]
 [411, 391],[421, 381],[431, 371],[441, 361],[451, 351] [411, 391],[431, 812],[441, 812],[451, 812],[461, 812]
 [412, 392],[422, 382],[432, 372],[442, 362],[452, 352] [412, 392],[432, 814],[442, 814],[452, 814],[462, 814]
 [413, 393],[423, 383],[433, 373],[443, 363],[453, 353] [413, 393],[433, 816],[443, 816],[453, 816],[463, 816]
 [414, 394],[424, 384],[434, 374],[444, 364],[454, 354] [414, 394],[434, 818],[444, 818],[454, 818],[464, 818]
 [415, 395],[425, 385],[435, 375],[445, 365],[455, 355] [415, 395],[435, 820],[445, 820],[455, 820],[465, 820]
 [416, 396],[426, 386],[436, 376],[446, 366],[456, 356] [416, 396],[436, 822],[446, 822],[456, 822],[466, 822]
 [417, 397],[427, 387],[437, 377],[447, 367],[457, 357] [417, 397],[437, 824],[447, 824],[457, 824],[467, 824]
 [418, 398],[428, 388],[438, 378],[448, 368],[458, 358] [418, 398],[438, 826],[448, 826],[458, 826],[468, 826]
 [419, 399],[429, 389],[439, 379],[449, 369],[459, 359] [419, 399],[439, 828],[449, 828],[459, 828],[469, 828]
 [420, 400],[430, 390],[440, 380],[450, 370],[460, 360] [420, 400],[440, 830],[450, 830],[460, 830],[470, 830]
 [421, 401],[431, 391],[441, 381],[451, 371],[461, 361] [421, 401],[441, 832],[451, 832],[461, 832],[471, 832]
 [422, 402],[432, 392],[442, 382],[452, 372],[462, 362] [422, 402],[442, 834],[452, 834],[462, 834],[472, 834]
 [423, 403],[433, 393],[443, 383],[453, 373],[463, 363] [423, 403],[443, 836],[453, 836],[463, 836],[473, 836]
 [424, 404],[434, 394],[444, 384],[454, 374],[464, 364] [424, 404],[444, 838],[454, 838],[464, 838],[474, 838]
 [425, 405],[435, 395],[445, 385],[455, 375],[465, 365] [425, 405],[445, 840],[455, 840],[465, 840],[475, 840]
 [426, 406],[436, 396],[446, 386],[456, 376],[466, 366] [426, 406],[446, 842],[456, 842],[466, 842],[476, 842]
 [427, 407],[437, 397],[447, 387],[457, 377],[467, 367] [427, 407],[447, 844],[457, 844],[467, 844],[477, 844]
 [428, 408],[438, 398],[448, 388],[458, 378],[468, 368] [428, 408],[448, 846],[458, 846],[468, 846],[478, 846]
 [429, 409],[439, 399],[449, 389],[459, 379],[469, 369] [429, 409],[449, 848],[459, 848],[469, 848],[479, 848]
 [430, 410],[440, 400],[450, 390],[460, 380],[470, 370] [430, 410],[450, 850],[460, 850],[470, 850],[480, 850]
 [431, 411],[441, 401],[451, 391],[461, 381],[471, 371] [431, 411],[451, 852],[461, 852],[471, 852],[481, 852]
 [432, 412],[442, 402],[452, 392],[462, 382],[472, 372] [432, 412],[452, 854],[462, 854],[472, 854],[482, 854]
 [433, 413],[443, 403],[453, 393],[463, 383],[473, 373] [433, 413],[453, 856],[463, 856],[473, 856],[483, 856]
 [434, 414],[444, 404],[454, 394],[464, 384],[474, 374] [434, 414],[454, 858],[464, 858],[474, 858],[484, 858]
 [435, 415],[445, 405],[455, 395],[465, 385],[475, 375] [435, 415],[455, 860],[465, 860],[475, 860],[485, 860]
 [436, 416],[446, 406],[456, 396],[466, 386],[476, 376] [436, 416],[456, 862],[466, 862],[476, 862],[486, 862]
 [437, 417],[447, 407],[457, 397],[467, 387],[477, 377] [437, 417],[457, 864],[467, 864],[477, 864],[487, 864]
 [438, 418],[448, 408],[458, 398],[468, 388],[478, 378] [438, 418],[458, 866],[468, 866],[478, 866],[488, 866]
 [439, 419],[449, 409],[459, 399],[469, 389],[479, 379] [439, 419],[459, 868],[469, 868],[479, 868],[489, 868]
 [440, 420],[450, 410],[460, 400],[470, 390],[480, 380] [440, 420],[460, 870],[470, 870],[480, 870],[490, 870]
 [441, 421],[451, 411],[461, 401],[471, 391],[481, 381] [441, 421],[461, 872],[471, 872],[481, 872],[491, 872]
 [442, 422],[452, 412],[462, 402],[472, 392],[482, 382] [442, 422],[462, 874],[472, 874],[482, 874],[492, 874]
 [443, 423],[453, 413],[463, 403],[473, 393],[483, 383] [443, 423],[463, 876],[473, 876],[483, 876],[493, 876]
 [444, 424],[454, 414],[464, 404],[474, 394],[484, 384] [444, 424],[464, 878],[474, 878],[484, 878],[494, 878]
 [445, 425],[455, 415],[465, 405],[475, 395],[485, 385] [445, 425],[465, 880],[475, 880],[485, 880],[495, 880]
 [446, 426],[456, 416],[466, 406],[476, 396],[486, 386] [446, 426],[466, 882],[476, 882],[486, 882],[496, 882]
 [447, 427],[457, 417],[467, 407],[477, 397],[487, 387] [447, 427],[467, 884],[477, 884],[487, 884],[497, 884]
 [448, 428],[458, 418],[468, 408],[478, 398],[488, 388] [448, 428],[468, 886],[478, 886],[488, 886],[498, 886]
 [449, 429],[459, 419],[469, 409],[479, 399],[489, 389] [449, 429],[469, 888],[479, 888],[489, 888],[499, 888]
 [450, 430],[460, 420],[470, 410],[480, 400],[490, 390] [450, 430],[470, 890],[480, 890],[490, 890],[500, 890]
 [451, 431],[461, 421],[471, 411],[481, 401],[491, 391] [451, 431],[471, 892],[481, 892],[491, 892],[501, 892]
 [452, 432],[462, 422],[472, 412],[482, 402],[492, 392] [452, 432],[472, 894],[482, 894],[492, 894],[502, 894]
 [453, 433],[463, 423],[473, 413],[483, 403],[493, 393] [453, 433],[473, 896],[483, 896],[493, 896],[503, 896]
 [454, 434],[464, 424],[474, 414],[484, 404],[494, 394] [454, 434],[474, 898],[484, 898],[494, 898],[504, 898]
 [455, 435],[465, 425],[475, 415],[485, 405],[495, 395] [455, 435],[475, 900],[485, 900],[495, 900],[505, 900]
 [456, 436],[466, 426],[476, 416],[486, 406],[496, 396] [456, 436],[476, 902],[486, 902],[496, 902],[506, 902]
 [457, 437],[467, 427],[477, 417],[487, 407],[497, 397] [457, 437],[477, 904],[487, 904],[497, 904],[507, 904]
 [458, 438],[468, 428],[478, 418],[488, 408],[498, 398] [458, 438],[478, 906],[488, 906],[498, 906],[508, 906]
 [459, 439],[469, 429],[479, 419],[489, 409],[499, 399] [459, 439],[479, 908],[489, 908],[499, 908],[509, 908]
 [460, 440],[470, 430],[480, 420],[490, 410],[500, 400] [460, 440],[480, 910],[490, 910],[500, 910],[510, 910]
 [461, 441],[471, 431],[481, 421],[491, 411],[501, 401] [461, 441],[481, 912],[491, 912],[501, 912],[511, 912]
 [462, 442],[472, 432],[482, 422],[492, 412],[502, 402] [462, 442],[482, 914],[492, 914],[502, 914],[512, 914]
 [463, 443],[473, 433],[483, 423],[493, 413],[503, 403] [463, 443],[483, 916],[493, 916],[503, 916],[513, 916]
 [464, 444],[474, 434],[484, 424],[494, 414],[504, 404] [464, 444],[484, 918],[494, 918],[504, 918],[514, 918]
 [465, 445],[475, 435],[485, 425],[495, 415],[505, 405] [465, 445],[485, 920],[495, 920],[505, 920],[515, 920]
 [466, 446],[476, 436],[486, 426],[496, 416],[506, 406] [466, 446],[486, 922],[496, 922],[506, 922],[516, 922]
 [467, 447],[477, 437],[487, 427],[497, 417],[507, 407] [467, 447],[487, 924],[497, 924],[507, 924],[517, 924]
 [468, 448],[478, 438],[488, 428],[498, 418],[508, 408] [468, 448],[488, 926],[498, 926],[508, 926],[518, 926]
 [469, 449],[479, 439],[489, 429],[499, 419],[509, 409] [469, 449],[489, 928],[499, 928],[509, 928],[519, 928]
 [470, 450],[480, 440],[490, 430],[500, 420],[510, 410] [470, 450],[490, 930],[500, 930],[510, 930],[520, 930]
 [471, 451],[481, 441],[491, 431],[501, 421],[511, 411] [471, 451],[491, 932],[501, 932],[511, 932],[521, 932]
 [472, 452],[482, 442],[492, 432],[502, 422],[512, 412] [472, 452],[492, 934],[502, 934],[512, 934],[522, 934]
 [473, 453],[483, 443],[493, 433],[503, 423],[513, 413] [473, 453],[493, 936],[503, 936],[513, 936],[523, 936]
 [474, 454],[484, 444],[494, 434],[504, 424],[514, 414] [474, 454],[494, 938],[504, 938],[514, 938],[524, 938]
 [475, 455],[485, 445],[495, 435],[505, 425],[515, 415] [475, 455],[495, 940],[505, 940],[515, 940],[525, 940]
 [476, 456],[486, 446],[496, 436],[506, 426],[516, 416] [476, 456],[496, 942],[506, 942],[516, 942],[526, 942]
 [477, 457],[487, 447],[497, 437],[507, 427],[517, 417] [477, 457],[497, 944],[507, 944],[517, 944],[527, 944]
 [478, 458],[488, 448],[498, 438],[508, 428],[518, 418] [478, 458],[498, 946],[508, 946],[518, 946],[528, 946]
 [479, 459],[489, 449],[499, 439],[509, 429],[519, 419] [479, 459],[499, 948],[509, 948],[519, 948],[529, 948]
 [480, 460],[490, 450],[500, 440],[510, 430],[520, 420] [480, 460],[500, 950],[510, 950],[520, 950],[530, 950]
 [481, 461],[491, 451],[501, 441],[511, 431],[521, 421] [481, 461],[501, 952],[511, 952],[521, 952],[531, 952]
 [482, 462],[492, 452],[502, 442],[512, 432],[522, 422] [482, 462],[502, 954],[512, 954],[522, 954],[532, 954]
 [483, 463],[493, 453],[503, 443],[513, 433],[523, 423] [483, 463],[503, 956],[513, 956],[523, 956],[533, 956]
 [484, 464],[494, 454],[504, 444],[514, 434],[524, 424] [484, 464],[504, 958],[514, 958],[524, 958],[534, 958]
 [485, 465],[495, 455],[505, 445],[515, 435],[525, 425] [485, 465],[505, 960],[515, 960],[525, 960],[535, 960]
 [486, 466],[496, 456],[506, 446],[516, 436],[526, 426] [486, 466],[506, 962],[516, 962],[526, 962],[536, 962]
 [487, 467],[497, 457],[507, 447],[517, 437],[527, 427] [487, 467],[507, 964],[517, 964],[527, 964],[537, 964]
 [488, 468],[498, 458],[508, 448],[518, 438],[528, 428] [488, 468],[508, 966],[518, 966],[528, 966],[538, 966]
 [489, 469],[499, 459],[509, 449],[519, 439],[529, 429] [489, 469],[509, 968],[519, 968],[529, 968],[539, 968]
 [490, 470],[500, 460],[510, 450],[520, 440],[530, 430] [490, 470],[510, 970],[520, 970],[530, 970],[540, 970]
 [491, 471],[501, 461],[511, 451],[521, 441],[531, 431] [491, 471],[511, 972],[521, 972],[531, 972],[541, 972]
 [492, 472],[502, 462],[512, 452],[522, 442],[532, 432] [492, 472],[512, 974],[522, 974],[532, 974],[542, 974]
 [493, 473],[503, 463],[513, 453],[523, 443],[533, 433] [493, 473],[513, 976],[523, 976],[533, 976],[543, 976]
 [494, 474],[504, 464],[514, 454],[524, 444],[534, 434] [494, 474],[514, 978],[524, 978],[534, 978],[544, 978]
 [495, 475],[505, 465],[515, 455],[525, 445],[535, 435] [495, 475],[515, 980],[525, 980],[535, 980],[545, 980]
 [496, 476],[506, 466],[516, 456],[526, 446],[536, 436] [496, 476],[516, 982],[526, 982],[536, 982],[546, 982]
 [497, 477],[507, 467],[517, 457],[527, 447],[537, 437] [497, 477],[517, 984],[527, 984],[537, 984],[547, 984]
 [498, 478],[508, 468],[518, 458],[528, 448],[538, 438] [498, 478],[518, 986],[528, 986],[538, 986],[548, 986]
 [499, 479],[509, 469],[519, 459],[529, 449],[539, 439] [499, 479],[519, 988],[529, 988],[539, 988],[549, 988]
 [500, 480],[510, 470],[520, 460],[530, 450],[540, 440] [500, 480],[520, 990],[530, 990],[540, 990],[550, 990]
 [501, 481],[511, 471],[521, 461],[531, 451],[541, 441] [501, 481],[521, 992],[531, 992],[541, 992],[551, 992]
 [502, 482],[512, 472],[522, 462],[532, 452],[542, 442] [502, 482],[522, 994],[532, 994],[542, 994],[552, 994]
 [503, 483],[513, 473],[523, 463],[533, 453],[543, 443] [503, 483],[523, 996],[533, 996],[543, 996],[553, 996]
 [504, 484],[514, 474],[524, 464],[534, 454],[544, 444] [504, 484],[524, 998],[534, 998],[544, 998],[554, 998]
 [505, 485],[515, 475],[525, 465],[535, 455],[545, 445] [505, 485],[525, 1000],[535, 1000],[545, 1000],[555, 1000]
 [506, 486],[516, 476],[526, 466],[536, 456],[546, 446] [506, 486],[526, 1002],[536, 1002],[546, 1002],[556, 1002]
 [507, 487],[517, 477],[527, 467],[537, 457],[547, 447] [507, 487],[527, 1004],[537, 1004],[547, 1004],[557, 1004]
 [508, 488],[518, 478],[528, 468],[538, 458],[548, 448] [508, 488],[528, 1006],[538, 1006],[548, 1006],[558, 1006]
 [509, 489],[519, 479],[529, 469],[539, 459],[549, 449] [509, 489],[529, 1008],[539, 1008],[549, 1008],[559, 1008]
